[rsz_wdd230_image_franklinoriginal_1.jpg]
text=1;136;5;Large;Blackadder ITC;0.635212,0.101141,0.200000,0.000000;v1,4294967295,4291638060,128.000000,1.000000,0.000000,1.000000,700,256,49152;;
backuphash=24184
textactive=1
[wdd230_image_franklinoriginal_1_medium.jpg]
text=1;137;6;Medium;Blackadder ITC;0.643911,0.153890,0.133333,0.000000;v1,4294967295,4291638060,128.000000,1.000000,0.000000,1.000000,700,256,49152;;
backuphash=52712
textactive=1
[wdd230_image_franklinoriginal_1_small.jpg]
text=1;136;5;Small;Blackadder ITC;0.664289,0.128965,0.133333,0.000000;v1,4294967295,4291638060,128.000000,1.000000,0.000000,1.000000,700,256,49152;;
backuphash=1960
textactive=1
